name: calcium
channels:
  - defaults
dependencies:
  - icc_rt=2022.1.0=h6049295_2
  - mysql-common=9.3.0=hc394544_4
  - jpeg=9f=ha349fce_0
  - libmpdec=4.0.0=h827c3e9_0
  - ipython_pygments_lexers=1.1.1=py313haa95532_0
  - blosc=1.21.6=hfd34d9b_1
  - ca-certificates=2026.2.25
  - lcms2=2.16=hb4a4139_0
  - jedi=0.19.2=py313haa95532_0
  - lerc=3.0=hd77b12b_0
  - msmpi=10.1.1=had4844c_0
  - pip=25.3=pyhc872135_0
  - python=3.13.11=h260b955_100_cp313
  - libpq=17.6=h652a1e2_0
  - m2w64-libwinpthread-git=5.0.0.4634.697f757=2
  - tzdata=2025b=h04d1e81_0
  - blas=1.0=mkl
  - hdf5plugin=6.0.0=py313hcd98a72_2
  - m2w64-gmp=6.1.0=2
  - pygments=2.19.2=py313haa95532_0
  - parso=0.8.5=py313haa95532_0
  - qttools=6.9.2=h7e7b719_1
  - hdf5=1.14.6=nompi_h89f0904_104
  - pillow=11.1.0=py313h096bfcc_0
  - h5py=3.15.1=nompi_py313hf7f959b_101
  - mkl-service=2.5.2=py313h0b37514_0
  - wheel=0.45.1=py313haa95532_0
  - packaging=25.0=py313haa95532_1
  - pyparsing=3.2.5=py313haa95532_0
  - m2w64-gcc-libgfortran=5.3.0=6
  - pure_eval=0.2.3=py313haa95532_0
  - libkrb5=1.21.3=h885b0b7_4
  - cycler=0.12.1=py313haa95532_0
  - zlib-ng=2.3.2=h0261ad2_1
  - openssl=3.6.1
  - vs2015_runtime=14.44.35208=ha6b5a95_10
  - tqdm=4.67.1=py313h4442805_1
  - wcwidth=0.2.14=py313haa95532_0
  - mysql-libs=9.3.0=h58c8544_4
  - tk=8.6.15=hf199647_0
  - python_abi=3.13=3_cp313
  - vc=14.3=h2df5915_10
  - ipython=9.7.0=py313haa95532_0
  - libwebp-base=1.6.0=hbf3958f_0
  - bzip2=1.0.8=h2bbff1b_6
  - intel-openmp=2025.0.0=haa95532_1164
  - zstd=1.5.7=h534d264_6
  - sip=6.12.0=py313h706e071_0
  - mkl_random=1.3.0=py313h42c1672_0
  - libffi=3.4.4=hd77b12b_1
  - fontconfig=2.15.0=hd211d86_0
  - six=1.17.0=py313haa95532_0
  - stack_data=0.6.3=py313haa95532_0
  - tbb-devel=2022.3.0=h90c84d6_0
  - cached-property=2.0.1=py313haa95532_0
  - decorator=5.2.1=py313haa95532_0
  - qtsvg=6.9.2=h30ace32_1
  - libexpat=2.7.3=h885b0b7_4
  - c-blosc2=2.22.0=h2af8807_1
  - libiconv=1.16=h2bbff1b_3
  - tornado=6.5.4=py313h02ab6af_0
  - freetype=2.13.3=h0620614_0
  - pyqt6-sip=13.10.2=py313h630b2a1_0
  - asttokens=3.0.0=py313haa95532_0
  - libaec=1.1.4=h20038f6_0
  - matplotlib=3.10.7=py313haa95532_0
  - python-dateutil=2.9.0post0=py313haa95532_2
  - vc14_runtime=14.44.35208=h4927774_10
  - zlib=1.3.1=h02ab6af_0
  - libxml2=2.13.9=h6201b9f_0
  - libcurl=8.17.0=h97e0424_0
  - icu=73.1=h6c2663c_0
  - prompt-toolkit=3.0.52=py313haa95532_1
  - traitlets=5.14.3=py313haa95532_0
  - numpy-base=2.3.3=py313h1e017a8_1
  - m2w64-gcc-libs-core=5.3.0=7
  - pcre2=10.46=h5740b90_0
  - libhwloc=2.12.1=default_hfa10c62_1000
  - qtdeclarative=6.9.2=h88b4c33_1
  - qtwebchannel=6.9.2=heb02b0b_1
  - tbb=2022.3.0=h90c84d6_0
  - colorama=0.4.6=py313haa95532_0
  - mpi4py=4.0.3=py313h02ab6af_1
  - libpng=1.6.50=h46444df_0
  - executing=2.2.1=py313haa95532_0
  - msys2-conda-epoch=20160418=1
  - matplotlib-base=3.10.7=py313h26e45b9_0
  - lz4-c=1.10.0=h2466b09_1
  - fonttools=4.61.0=py313h02ab6af_0
  - mkl=2025.0.0=h5da7b33_930
  - libdeflate=1.17=h2bbff1b_1
  - qtbase=6.9.2=h06bae2a_5
  - xz=5.6.4=h4754444_1
  - matplotlib-inline=0.2.1=py313haa95532_0
  - sqlite=3.51.1=hda9a48d_0
  - ucrt=10.0.22621.0=haa95532_0
  - openjpeg=2.5.2=hae555c5_0
  - prompt_toolkit=3.0.52=hd3eb1b0_1
  - mkl_fft=2.1.1=py313hbc2a22c_0
  - qtwebsockets=6.9.2=heb02b0b_1
  - m2w64-gcc-libs=5.3.0=7
  - mpi=1.0=msmpi
  - pixman=0.46.4=h4043f72_0
  - cairo=1.18.4=he9e932c_0
  - contourpy=1.3.3=py313h214f63a_0
  - graphite2=1.3.14=hd77b12b_1
  - kiwisolver=1.4.9=py313h03f52e7_0
  - expat=2.7.3=h885b0b7_4
  - libglib=2.84.4=hfaec014_0
  - libzlib=1.3.1=h02ab6af_0
  - harfbuzz=10.2.0=he2f9f60_1
  - libtiff=4.5.1=hd77b12b_0
  - libssh2=1.11.1=h2addb87_0
  - pyqt=6.9.1=py313h12ec796_0
  - snappy=1.2.2=hab6b7b3_1
  - setuptools=80.9.0=py313haa95532_0
  - scipy
  - quaternionic
  - vispy
  - jupyterlab
prefix: C:\Users\mbardelang\miniconda3\envs\calcium
